#include <iostream>


using namespace std;

int main() {
	setlocale(0, "");
	int a;

	while (true) {
		cout << "[ + ] Программа - “Лабиринт”\n\n";
		cout << "[ + ] Размер карты:\n";
		cout << "[ 1 ] 15 x 15\n";
		cout << "[ 2 ] 20 x 20\n";
		cout << "[ 3 ] 30 x 30\n\n";
		cout << "[ + ] Выберите нужный пункт:";
		cin >> a;

		if (a == 1) {
			system("cls");
			int arr[15][15] = {
				{1,1,1,1,1,1,1,1,1,1,1,1,1,0,1},
				{1,1,0,1,1,0,0,0,0,0,0,0,0,0,1},
				{1,1,0,1,1,0,1,1,1,1,1,1,1,1,1},
				{1,1,0,0,0,0,0,0,0,0,0,1,0,1,1},
				{1,1,1,1,1,1,1,0,1,1,1,1,0,1,1},
				{1,1,1,1,1,1,1,0,1,1,1,0,0,1,1},
				{1,1,0,0,0,0,0,0,0,0,0,0,1,1,1},
				{1,0,0,1,1,1,1,1,1,1,1,0,1,1,1},
				{1,0,1,1,1,1,1,1,1,1,1,0,1,1,1},
				{1,0,1,0,0,0,0,0,0,0,0,0,1,1,1},
				{1,0,1,0,1,1,1,1,1,1,1,1,1,1,1},
				{1,1,1,0,1,1,1,1,1,1,1,0,0,1,1},
				{1,1,1,0,0,1,1,0,0,0,0,0,0,1,1},
				{1,1,1,1,0,0,0,0,1,1,1,0,0,1,1},
				{1,1,1,1,1,1,0,1,1,1,1,1,1,1,1}
			};
			for (int i = 0; i < 15; i++) {
				for (int p = 0; p < 15; p++) {
					if (arr[i][p] == 1) {
						
						cout << '#';
					}
					else if (arr[i][p] == 0) {
						cout << ' ';
					}
					cout << ' ';
				}
				cout << '\n';
			}
		}
		else if (a == 2) {
			system("cls");
			int arr[20][20] = {
				{1,1,0,1,1,1,1,1,1,1,1,1,1,1,1,1,1,1,1,1},
				{1,1,0,1,1,0,0,0,0,0,0,0,0,0,0,1,1,1,1,1},
				{1,1,0,1,1,0,1,1,1,1,1,1,0,1,0,1,0,0,0,1},
				{1,1,0,0,0,0,0,0,0,0,0,0,0,1,0,1,0,1,0,1},
				{1,1,1,1,1,1,1,1,1,1,1,1,1,1,0,1,1,0,0,1},
				{1,0,0,0,1,1,1,1,1,1,0,1,0,0,0,1,1,1,0,1},
				{1,0,1,0,1,0,1,0,0,0,0,1,0,1,1,1,1,1,0,1},
				{1,0,1,0,1,0,1,1,1,1,0,1,0,1,0,0,0,0,0,1},
				{1,0,1,0,1,0,0,0,0,0,0,0,0,1,0,1,1,0,1,1},
				{1,0,1,0,1,1,1,1,1,1,0,1,0,0,0,1,1,0,1,1},
				{1,0,1,0,0,0,0,0,0,0,0,1,1,1,1,1,1,0,1,1},
				{1,1,1,1,1,1,1,1,1,1,1,1,0,1,1,1,0,0,1,1},
				{1,1,0,0,0,0,0,1,1,1,1,1,0,1,0,0,0,1,1,1},
				{1,1,0,1,1,1,0,1,1,1,1,1,0,0,0,1,0,1,0,1},
				{1,1,0,1,1,1,0,1,1,1,1,1,1,0,1,1,0,1,0,1},
				{1,1,0,1,1,1,0,0,0,0,0,0,0,0,1,1,0,1,0,1},
				{1,1,0,1,1,1,1,1,1,0,1,1,1,0,1,1,0,0,0,1},
				{1,1,0,0,0,0,1,1,1,1,1,1,1,0,1,1,1,1,1,1},
				{1,1,1,1,1,0,0,0,0,0,0,0,1,0,1,1,1,1,1,1},
				{1,1,1,1,1,1,1,1,1,1,1,0,1,1,1,1,1,1,1,1}
			};
			for (int i = 0; i < 20; i++) {
				for (int p = 0; p < 20; p++) {
					if (arr[i][p] == 1) {
						
						cout << '#';
					}
					else if (arr[i][p] == 0) {
						cout << ' ';
					}
					cout << ' ';
				}
				cout << '\n';
			}
		}
		else if (a == 3) {
			system("cls");
			int arr[30][30] = {
				{1,1,1,1,1,0,1,1,1,1,1,1,1,1,1,1,1,1,1,1,1,1,1,1,1,1,1,1,1,1},
				{1,1,1,1,1,0,1,1,1,1,1,1,1,1,1,1,1,0,1,1,1,0,0,0,1,1,1,1,0,1},
				{1,1,1,1,1,0,1,1,1,1,0,1,1,1,1,1,1,0,1,1,1,0,1,0,1,1,1,1,0,1},
				{1,0,0,0,0,0,0,0,0,0,0,0,0,0,0,0,0,0,0,0,0,0,0,0,0,0,1,1,0,1},
				{1,1,1,1,1,1,1,1,1,1,1,1,1,1,1,1,1,1,1,1,1,1,1,1,1,0,1,1,0,1},
				{1,1,1,0,0,0,0,0,0,0,0,0,0,0,0,0,0,1,1,1,1,1,1,1,1,0,1,1,0,1},
				{1,1,1,0,1,1,1,1,1,1,1,1,1,1,1,1,0,1,1,1,1,1,1,1,1,0,1,1,0,1},
				{1,1,1,0,1,1,1,1,1,1,1,1,1,1,1,1,0,1,1,1,1,1,1,1,1,0,1,1,0,1},
				{1,1,1,0,1,1,1,1,1,1,1,1,1,1,1,1,0,1,0,0,0,0,0,0,0,0,1,0,0,1},
				{1,1,1,0,0,0,0,1,0,0,0,1,1,0,0,0,0,1,0,1,1,1,1,1,1,1,1,0,1,1},
				{1,1,1,1,1,1,0,1,0,1,0,1,1,0,1,1,0,1,0,1,0,0,0,0,0,0,0,0,1,1},
				{1,1,1,1,1,1,0,0,0,1,0,1,1,0,1,1,0,1,0,1,0,1,1,1,1,1,0,1,1,1},
				{1,1,1,1,1,1,1,1,1,1,0,1,1,1,1,1,0,1,0,1,0,1,1,1,1,1,0,1,1,1},
				{1,1,1,1,1,1,1,1,1,1,0,1,1,1,1,1,0,1,0,0,0,1,1,1,1,1,0,1,1,1},
				{1,0,0,0,0,0,0,0,0,0,0,1,1,1,1,1,0,1,1,1,1,1,1,1,1,1,0,1,1,1},
				{1,0,1,1,1,1,1,1,1,1,1,1,1,0,0,0,0,1,1,1,1,0,1,1,1,1,0,1,1,1},
				{1,0,1,1,1,1,1,1,1,1,1,1,1,1,1,1,0,1,1,1,1,0,0,0,0,0,0,1,1,1},
				{1,0,1,1,1,1,1,1,1,0,0,0,0,1,1,1,0,1,1,0,0,0,1,1,1,1,0,1,1,1},
				{1,0,0,0,0,0,1,1,1,0,1,1,0,1,1,1,0,1,1,1,1,1,1,1,1,1,0,1,1,1},
				{1,1,1,1,1,0,1,1,1,0,1,1,0,1,1,1,0,0,0,0,0,0,0,0,0,0,0,1,1,1},
				{1,1,1,1,1,0,0,0,0,0,1,1,0,1,1,1,1,1,1,1,1,1,1,1,1,0,1,1,1,1},
				{1,1,1,1,1,1,1,1,1,1,1,1,0,0,0,0,0,0,1,1,1,1,1,1,1,0,0,1,1,1},
				{1,1,1,1,1,1,1,1,1,1,1,1,1,1,1,1,1,0,0,0,0,0,1,1,1,1,0,0,1,1},
				{1,1,1,1,0,0,0,0,0,0,0,0,1,1,1,1,1,1,1,1,1,0,1,1,1,1,1,0,1,1},
				{1,1,1,1,0,1,1,1,1,1,1,0,0,0,0,0,0,0,0,1,1,0,0,0,0,1,1,0,1,1},
				{1,1,1,1,0,1,1,1,1,1,1,0,1,1,1,1,1,1,0,1,1,1,1,1,0,1,1,0,1,1},
				{1,1,1,1,0,1,1,1,1,1,1,0,1,1,1,1,1,1,0,1,1,1,1,1,0,1,1,0,1,1},
				{1,1,1,1,0,0,0,0,1,0,0,0,0,0,0,1,1,1,0,1,1,0,0,0,0,1,1,0,1,1},
				{1,1,1,1,0,1,0,1,1,1,1,1,1,1,0,1,1,1,0,0,0,0,1,1,1,1,1,0,1,1},
				{1,1,1,1,0,1,1,1,1,1,1,1,1,1,1,1,1,1,1,1,1,1,1,1,1,1,1,1,1,1}
			};
			for (int i = 0; i < 30; i++) {
				for (int p = 0; p < 30; p++) {
					if (arr[i][p] == 1) {
						
						cout << '#';
					}
					else if (arr[i][p] == 0) {
						cout << ' ';
					}
					cout << ' ';
				}
				cout << '\n';
			}
		}
		system("pause");
		system("cls");
	}
	return 0;
}
